4294967279,130
4294967279,129
4294967279,128
4294967279,127
4294967279,126
4294967279,125
4294967279,124
4294967279,123
4294967279,122
4294967279,121
4294967279,120
4294967279,119
4294967279,118
4294967279,117
4294967279,116
4294967278,29
4294967278,28
4294967278,27
4294967278,26
4294967278,25
4294967278,24
4294967278,23
4294967278,22
4294967278,21
4294967278,20
4294967278,19
4294967278,18
4294967278,17
4294967278,16
4294967278,15
4294967278,14
4294967278,13
4294967278,12
4294967278,11
4294967278,10
4294967278,9
4294967278,8
4294967278,7
4294967278,6
4294967278,5
4294967278,4
4294967279,132
4294967279,131
4294967278,178
4294967278,177
4294967294,89
13,6
4294967278,176
13,5
13,4
4294967278,175
13,3
13,2
13,1
4294967278,305
4294967294,428
4294967278,173
4294967278,172
12,6
4294967278,171
12,5
12,4
4294967278,170
12,3
12,2
12,1
4294967278,304
4294967278,169
4294967278,168
11,4
4294967278,167
11,3
11,2
11,1
4294967278,303
4294967278,166
4294967278,165
10,5
4294967278,164
10,4
10,3
10,2
10,1
4294967279,299
4294967278,163
4294967278,302
4294967279,298
2,2
4294967278,301
4294967294,468
4294967279,297
4294967294,904
4294967294,0
4294967294,905
4294967294,186
4294967294,387
4294967278,300
4294967278,159
4294967278,299
4294967279,296
4294967279,295
4294967294,37
4294967278,298
4294967278,157
4294967278,297
4294967279,294
4294967278,296
4294967278,155
4294967278,295
4294967279,293
4294967279,292
4294967294,50
4294967294,29
4294967294,439
4294967294,46
4294967294,389
4294967294,115
4294967294,2
4294967294,393
4294967294,45
4294967278,294
4294967278,153
4294967278,293
4294967278,260
4294967278,0
4294967279,291
4294967294,22
4294967278,38
4294967278,37
4294967278,36
4294967278,35
4294967278,34
4294967278,33
4294967278,32
4294967278,31
4294967278,30
4294967279,22
4294967279,20
4294967279,19
4294967279,18
4294967279,16
4294967279,15
4294967279,14
4294967294,42
4294967294,424
4294967294,5
4294967294,12
4294967294,36
4294967294,39
4294967294,967
4294967294,966
4294967294,965
4294967294,964
4294967294,963
4294967294,962
4294967294,961
4294967294,960
4294967294,919
4294967294,918
4294967294,917
4294967294,916
4294967294,914
4294967294,913
4294967294,912
4294967294,911
4294967294,909
4294967294,908
4294967294,906
4294967294,903
4294967294,902
4294967294,900
4294967294,899
4294967294,898
4294967294,421
4294967294,401
4294967294,41
4294967294,190
4294967294,185
4294967294,182
4294967294,176
4294967294,173
4294967294,170
4294967294,163
4294967294,162
4294967294,161
4294967294,51
4294967294,53
4294967294,52
4294967294,81
4294967294,11
4294967294,970
4294967278,152
4294967278,151
9,6
9,5
9,4
9,2
9,1
4294967279,290
4294967294,91
4294967294,88
4294967294,87
4294967294,85
4294967294,84
8,6
8,5
8,4
8,2
8,1
4294967279,289
4294967294,38
4294967294,40
4294967294,1
4294967294,17
4294967294,99
4294967294,76
7,4
7,3
7,2
7,1
4294967279,288
4294967294,920
4294967294,67
4294967294,7
0,5
4294967294,6
4294967294,94
4294967294,93
4294967294,96
4294967294,95
6,4
6,3
6,2
6,1
4294967279,287
4294967279,260
4294967279,0
4294967294,9
4294967294,8
0,7
4294967294,44
4294967294,43
4294967294,417
4294967294,950
4294967294,951
4294967294,921
4294967294,28
4294967294,27
4294967294,915
4294967294,26
4294967294,469
4294967294,25
4294967294,92
4294967294,90
4294967294,86
2,4
4294967278,132
4294967278,131
4294967278,130
4294967278,129
4294967278,128
4294967278,127
4294967278,126
4294967278,125
4294967278,124
4294967278,123
4294967278,122
4294967278,121
4294967278,120
4294967278,119
4294967278,118
4294967278,117
4294967278,116
4294967278,115
4294967278,114
4294967278,113
4294967278,112
4294967278,111
